AERO,121,200,215,220,270,299,300,302,303,304,306,307,310,311,320,321,331,351,353,354,360,400,401,402,405,406,407,409,420,421,425,431,432,433,434,435,443,444,445,446,447,448,449,450,452,460,463,464,465,470,471,493,494,495,500,510,511,512,513,515,517,519,522,523,525,526,528,529,531,532,533,534,535,540,541,546,551,553,557,560,561,562,565,566,567,568,569,570,571,593,594,595,596,599
AGB,101,200,202,212,214,260,270,301,308,309,310,311,312,313,314,318,322,323,324,326,327,328,331,339,369,370,400,404,405,406,410,411,412,422,425,427,440,445,450,452,455,460,461,462,463,470,500,514,539,543,554,555,563,570,571,599
AEPS,101,110,120,123,124,126,127,132,133,150,175,190,200,202,203,204,210,212,215,225,230,233,234,240,244,245,250,260,270,301,304,312,313,315,321,323,327,329,331,332,333,339,340,341,342,343,350,351,355,381,400,402,403,404,406,410,414,421,423,424,425,427,431,432,434,435,437,441,445,461,462,470,471,500,539,570,571,575,581,596,597,598,599
AGC,102,200,207,270,301,339,400,407,426,452,461,462,470,471,500,539,570,571,580
AGED,102,200,220,270,303,339,350,400,404,410,412,424,438,440,441,460,461,462,470,471,481,482,500,501,513,520,522,523,524,525,526,530,536,537,539,540,570,571,580,581
AG,200,243,315,330,339,350,360,400,450,452,485,495,500,539,581,585,595,598,599
ASCI,101,112,200,203,211,212,214,220,221,222,223,224,225,226,227,228,229,232,260,265,270,290,304,310,311,312,315,320,321,324,325,326,329,330,333,339,340,342,344,345,346,347,350,351,355,360,363,366,370,384,400,403,405,406,407,410,412,413,415,420,425,438,440,450,455,460,470,471,477,478,479,490,500,503,520,540,570,571,581,593,594
ANT,200,201,202,250,270,309,310,311,312,320,325,330,344,345,360,393,400,401,402,415,425,455,460,461,462,464,465,470
ARCE,106,211,212,223,224,226,227,257,260,270,302,303,304,305,306,315,316,352,353,354,371,372,400,403,410,412,415,421,422,423,444,445,446,447,448,449,451,452,453,460,470,471,473,475,476,483,485,495,501,502,503,504,511,521,522,570,571,598
ARCH,101,106,131,132,133,204,207,217,218,219,241,242,251,252,253,270,302,307,313,320,326,341,342,351,352,353,363,400,420,443,445,451,452,453,460,461,462,464,465,466,467,468,469,470,471,472,473,480,481,485,492,510,532,551,561,570,580,598,599
ART,101,102,103,104,111,112,122,148,182,183,200,201,203,209,211,212,213,222,224,227,237,238,245,260,270,288,302,309,310,311,313,314,315,316,317,318,324,325,329,330,334,337,338,345,348,350,353,366,370,371,373,383,384,388,400,402,409,427,432,434,437,438,439,448,450,463,466,470,471,474,483,484,488,489,494,495
ASTR,101,102,200,270,301,302,324,326,400,404,444,470,471
BIO,111,112,114,123,160,161,162,200,202,211,213,227,231,232,253,263,270,302,303,305,308,321,322,323,324,327,329,330,335,336,351,361,400,401,405,406,407,408,409,410,414,415,419,421,424,425,426,427,428,429,434,435,441,442,444,445,446,450,452,461,462,463,470,471,472,475,476,485,495,500,501,502,503,509,524,534,537,561,570,571,574,575,585,590,591,593,594,595,599
BMED,101,102,212,213,270,310,330,355,400,401,404,410,420,425,430,432,434,435,436,440,445,450,455,456,459,460,470,471,481,482,483,495,500,510,512,515,520,525,530,535,541,542,550,555,560,561,563,570,571,591,592,593,594,599
BRAE,121,128,129,133,141,142,151,152,200,203,213,216,232,234,236,237,239,240,244,247,270,301,302,312,320,321,324,328,331,335,337,339,340,342,343,344,345,348,400,403,405,414,418,419,421,422,425,428,432,433,434,435,438,440,447,448,450,460,461,462,470,471,481,485,495,500,532,533,570,571,599
BOT,121,311,313,323,326,329,433
BUS,100,200,205,206,207,212,214,215,220,270,301,302,303,304,306,310,311,313,319,320,321,322,323,342,346,382,384,386,387,389,391,392,393,394,395,400,401,402,403,404,406,407,409,410,412,416,417,418,419,421,422,424,425,430,431,432,433,434,435,436,437,438,439,441,442,443,444,445,446,448,451,452,453,454,455,459,461,462,463,464,466,470,471,473,474,475,477,488,489,491,495,496,498,499
CHEM,101,106,110,111,124,125,126,127,128,129,200,201,202,203,212,216,217,218,220,221,222,223,231,252,270,302,303,308,312,313,324,331,341,349,350,351,352,353,354,357,371,372,373,377,400,401,403,405,414,418,419,420,439,441,444,445,446,447,448,449,450,451,454,458,459,461,463,465,466,470,471,474,475,476,477,481,484,485,495,500,528,544,545,547,548,550,551,570,571,590,598,599
CD,102,131,200,207,230,254,256,270,304,305,306,329,330,333,350,351,400,401,413,417,424,430,431,433,456,460,461,462,470
CHIN,101,102,103,201,202,203
CRP,101,201,202,203,204,211,212,213,214,215,216,270,304,314,315,325,334,336,338,339,341,342,351,400,401,402,404,408,409,410,411,412,420,426,428,430,435,436,438,440,442,445,446,448,452,456,457,458,461,462,463,470,471,472,483,500,501,504,509,510,512,513,516,518,520,525,530,535,545,552,553,554,556,570,571,596,599
CE,111,112,113,200,204,207,251,259,270,321,322,336,337,352,355,356,371,381,382,400,401,404,405,406,407,413,421,422,423,424,425,431,432,433,434,435,440,454,455,456,457,458,459,465,466,467,468,469,470,471,474,475,481,486,487,488,493,494,495,500,501,504,511,513,521,523,524,525,526,527,528,529,533,535,536,537,538,539,552,553,555,556,557,558,559,570,571,581,583,584,585,586,587,588,589,591,592,593,594,595,596,599
COMS,101,102,126,145,201,208,212,213,217,218,226,250,270,301,308,311,312,315,316,317,319,322,330,331,332,350,385,386,390,395,400,413,418,419,420,421,422,428,435,450,460,461,470,485
CPE,100,101,105,108,123,133,200,202,203,233,290,315,321,328,329,336,350,357,368,400,416,419,422,428,431,432,439,441,450,453,454,458,461,462,464,465,469,470,471,472,476,479,482,485,488,493,494,495,515,521,522,523,564,569
CSC,101,105,108,123,171,200,202,203,209,225,231,232,234,235,236,290,300,301,302,303,305,307,308,309,310,311,320,321,323,325,344,348,349,350,357,365,366,369,371,378,400,402,405,406,409,410,422,424,429,430,431,435,436,437,445,448,450,453,454,458,466,468,469,471,473,474,476,477,478,480,481,483,484,486,489,490,491,492,493,494,495,496,500,508,509,515,521,530,540,550,560,564,566,569,570,572,580,581,582,590,593,594,595,596,597,599
CM,102,113,114,115,212,214,221,232,239,270,280,310,313,314,317,334,335,371,400,411,413,415,420,421,422,423,424,425,426,432,433,443,450,460,461,462,463,470,471,475,480,485,495,510,511,512,513,514,515,521,522,523,524,525,570,571
DSCI,100,102,200,202,230,231,233,241,270,301,321,330,333,339,340,400,401,402,410,412,422,432,433,434,435,444,461,470,471,500,501,502,510,520,521,524,535,539,540,541,560,565,570,571,581,582,585,599
DANC,130,131,132,133,134,135,210,221,231,232,233,234,270,280,321,331,332,340,341,345,346,381,400,430,470,471
DATA,301,401,451,452
ESE,90
ESM,90
ERSC,140,144,200,223,250,270,301,303,323,325,333,335,339,363,400,401,402,414,415,470,471,476,477,478,479,544,570,571
ECON,200,201,221,222,270,303,304,311,312,313,325,330,337,339,345,395,400,403,404,405,406,408,409,410,413,417,424,431,432,434,435,440,460,461,462,464,470
EDUC,125,207,270,300,400,401,405,410,412,414,416,417,418,419,423,427,428,429,431,433,435,436,438,439,440,442,447,449,450,451,454,455,456,457,460,469,470,471,479,480,500,502,510,511,512,513,515,516,518,519,521,522,523,528,532,535,536,542,544,545,546,550,552,553,554,555,556,557,560,561,562,564,565,566,568,570,573,586,587,588,589,590,598,599
EE,111,112,133,151,200,201,211,212,228,233,241,242,251,255,270,295,302,306,307,308,314,321,322,328,329,335,336,342,346,347,348,361,368,375,400,402,403,405,406,407,409,410,411,412,413,415,416,417,418,419,420,422,423,424,425,428,431,432,433,434,439,440,443,444,445,449,452,455,456,458,459,460,461,462,463,464,470,471,472,480,494,495,500,502,504,509,511,513,514,515,516,518,519,520,521,522,523,524,525,526,527,528,529,530,533,541,544,563,570,571,594,595,599
ENGR,101,110,234,270,301,302,310,322,334,350,400,440,451,459,460,461,462,463,464,465,470,471,481,482,483,493,494,495,500,551,570,571,581,593,594,595,596,599
ENGL,92,93,96,98,133,134,145,148,149,150,202,203,204,205,221,230,231,241,242,251,252,253,260,270,290,302,303,304,305,310,317,319,330,331,332,333,334,335,339,340,341,342,343,345,346,347,349,350,351,352,354,360,361,365,368,370,371,372,380,381,382,386,387,388,390,391,395,400,408,411,412,421,424,425,430,431,432,439,449,459,461,467,470,485,486,487,488,495,497,498,499,501,502,503,505,506,510,511,512,513,515,518,519,570,590,598
EDES,101,123,333,350,406,408,410
ENVE,111,264,270,304,309,323,324,325,331,400,405,407,411,421,426,434,436,438,439,443,450,455,466,467,470,471,480,495,500,525,535,536,537,542,570,571,581,599
ES,112,114,200,212,215,241,242,243,244,270,300,308,310,320,321,322,323,325,326,330,335,340,345,350,351,360,380,381,390,400,406,410,450,461,470
FPE,500,501,502,503,504,521,522,523,524,551,552,554,555,556,596,599
FSN,101,121,125,200,201,204,210,230,244,250,275,290,304,310,311,315,319,321,328,329,330,334,335,341,342,343,344,346,354,364,368,370,374,375,400,401,408,410,415,416,417,420,426,429,430,440,444,461,462,463,470,471,474,485,495,500,501,505,508,516,528,529,530,541,564,570,571,574,575,581,599
FR,101,102,103,201,202,203,233,270,301,302,305,350,470
GEOG,150,200,250,270,300,301,308,318,325,328,333,340,350,370,380,400,408,414,415,440,455,461,462,464,465,470
GEOL,102,200,201,203,205,206,241,270,305,310,330,400,401,402,404,415,420,470,471
GER,101,102,103,201,202,203,233,270,301,302,305,350,470
GS,597
GSA,501,536,537,538,539,540,541,543,544,545,546,548,549,550,551,552,553,554,555,556,570
GSB,500,501,503,510,511,512,513,514,516,520,522,523,524,529,530,531,533,534,539,550,555,556,562,563,564,569,570,573,577,583,584,585,587,595,596,597
GSE,500,510,511,512,518,520,522,524,526,532,534,536,538,542,544,570,580,599
GSP,530,532,533,535,536,538,539,540,541
GRC,101,172,200,201,203,204,211,212,220,270,301,316,318,320,322,324,328,329,331,337,338,339,357,361,372,377,400,402,403,411,420,421,422,429,439,440,451,452,453,461,462,463,470,471,485,495,500,501,502,510,512,514,520,530,551,552,553,560,595,596
HIST,100,110,111,200,201,202,206,207,208,210,213,214,216,221,222,223,225,270,303,304,306,307,308,309,310,314,316,317,318,319,320,321,322,324,326,334,335,336,337,338,341,350,354,359,400,401,402,405,406,407,408,409,413,416,417,418,419,421,422,423,424,425,426,427,428,429,430,432,433,434,435,437,440,441,442,443,444,445,452,453,458,459,460,461,467,470,475,485,495,500,504,505,506,507,508,509,510,512,570,599
HNRC,199,200,399,400
HNRS,100,101,102,112,131,132,134,141,142,143,145,148,149,161,162,163,200,201,207,211,212,213,214,216,223,230,231,232,241,244,251,261,262,263,265,270,299,302,303,304,310,311,312,317,320,321,322,323,324,332,333,334,335,336,340,341,342,343,345,347,352,361,380,391,392,400,411,412,424,450,461,470,471,475,492,499
IME,101,130,140,141,142,143,144,156,157,200,223,239,240,270,301,303,305,312,314,319,320,322,326,327,330,335,336,342,351,356,400,401,408,409,410,416,417,418,420,421,428,429,430,432,435,441,442,443,450,451,457,458,460,470,471,481,482,495,500,503,507,510,511,520,527,541,542,543,544,545,556,570,571,577,580,596,599
ITP,137,150,211,233,234,260,270,275,302,303,326,329,330,341,371,390,400,403,406,408,409,410,411,412,413,414,415,419,428,430,457,461,462,464,467,470,471,475,485,500,532,537,545,570,571,591,592,599
ISLA,123,240,303,305,315,316,319,320,330,340,341,350,393,400,450,456,470
ITAL,101,102,103,201
JPNS,101,102,103,201
JOUR,102,201,203,205,218,219,220,270,285,302,303,304,312,320,331,333,334,342,346,348,350,352,353,390,400,401,402,407,410,412,413,415,418,444,460,462,470,471
KINE,100,108,109,112,121,122,125,129,131,132,133,137,138,139,143,144,145,147,148,149,151,154,176,180,181,208,210,212,213,214,223,224,226,229,230,231,250,255,260,265,266,278,280,281,290,297,298,301,303,304,305,308,310,311,319,320,323,324,330,366,400,401,402,403,406,407,408,434,435,437,438,440,443,445,446,449,450,451,452,453,454,459,460,461,462,463,470,471,485,495,500,501,503,504,505,510,511,517,518,522,525,526,530,536,537,539,570,581,585,599
LA,101,170,171,202,203,204,211,212,218,220,221,241,242,243,270,317,320,330,349,350,370,371,400,401,402,403,404,405,431,432,433,434,435,436,437,438,439,461,470,471,482,483,485,495,585,595
LAES,200,270,301,302,400,411,430,461,462,470,471,485,495
LS,201,211,214,230,250,260,290,301,305,310,370,380,400,410,411,412,461,462,470
MSCI,100,301,303,307,324,328,330,401,410,428,437,438,439,440
MATE,110,120,130,200,210,215,222,225,232,235,270,310,325,326,327,330,340,350,359,360,370,380,400,401,410,420,425,430,435,440,445,446,450,458,460,470,471,482,483,484,495,500,510,522,530,550,570,571,590,599
MATH,92,94,96,98,112,116,117,118,119,126,127,128,129,141,142,143,151,152,153,161,162,171,172,182,192,202,206,221,227,231,241,242,244,248,251,254,258,270,300,304,306,316,328,329,330,335,336,341,344,350,351,370,371,400,404,406,408,409,412,413,414,416,418,419,422,423,424,425,435,436,437,440,441,442,443,451,452,453,459,460,461,462,470,474,475,476,481,482,483,485,491,495,500,501,502,504,505,520,521,530,531,540,541,550,560,561,570,580,599
ME,128,129,130,163,211,212,228,229,234,236,251,270,271,302,303,305,318,320,323,326,328,329,341,347,350,359,400,401,402,404,405,410,412,415,416,420,422,423,428,429,430,431,434,435,436,440,441,442,443,444,450,456,457,458,459,460,470,471,488,493,494,495,500,501,503,504,506,507,517,518,540,541,542,552,553,554,556,563,570,571,579,599
MCRO,100,221,224,225,301,320,342,402,421,423,424,433,436
MSL,101,102,103,110,111,112,201,202,203,212,229,240,270,275,301,302,303,310,312,314,400,401,402,403,410,412,470
MU,101,103,104,105,106,108,114,120,121,149,150,151,152,154,155,161,162,163,168,170,171,172,173,174,176,177,178,181,183,185,186,188,189,200,210,211,212,221,227,229,249,250,253,259,261,262,263,265,270,301,303,305,311,312,320,324,325,326,328,331,332,336,340,341,342,350,351,352,360,361,368,370,371,372,373,374,376,377,378,381,383,385,386,388,389,400,411,412,431,432,449,450,461,465,466,470
NR,140,141,142,203,204,208,215,218,247,260,270,290,306,307,308,312,314,315,317,320,321,323,324,326,335,339,340,350,351,360,365,400,401,402,404,406,408,412,414,416,418,420,421,425,434,435,455,465,470,471,472,475,476,477,478,479,500,503,532,534,539,570,571,575,581,599
PHIL,101,126,230,231,241,270,285,309,310,312,313,314,315,317,318,319,320,321,322,323,327,328,331,332,333,334,335,336,337,339,340,341,342,343,350,351,369,385,400,411,412,421,422,423,429,439,449,451,460,461,470
PEM,182,183,184,185,189,191,192,193,195,196
PEW,183,184,189,190,191,192,193,194,195,196
PSC,101,102,103,201,307,320,391,392,424,425,491,492
PHYS,104,107,111,121,122,123,125,131,132,133,141,200,202,206,211,212,220,270,301,302,303,310,313,315,318,322,323,330,340,341,342,357,400,401,403,404,405,406,408,409,410,412,413,417,418,422,423,424,452,461,462,463,464,470,471,485,495
POLS,111,112,180,225,229,230,245,270,285,295,308,310,315,316,317,319,321,324,325,328,329,330,331,333,334,337,338,339,340,341,342,343,344,347,348,349,351,359,361,375,380,381,382,383,384,385,386,387,395,400,417,419,420,425,426,427,428,429,430,431,435,445,451,452,457,459,461,462,470,471,500,510,515,518,540,550,560,568,570,586,590,595
PSY,200,201,202,212,251,252,254,256,260,270,301,302,304,305,306,310,311,317,318,320,323,324,325,329,330,333,340,344,350,351,352,360,370,372,375,400,401,405,410,417,419,430,431,432,448,449,450,453,454,456,457,458,459,460,461,462,465,470,475,485,495,500,504,520,535,555,556,560,564,565,566,568,569,570,571,572,574,575,576,577,585,588,599
RPTA,101,110,112,114,160,201,203,205,210,216,221,252,257,260,270,275,302,313,314,317,318,320,321,323,325,330,342,350,360,370,400,405,412,413,420,424,450,460,461,463,465,470,471,472,500,502,527,539,570,571,581,599
RELS,201,205,270,301,302,304,306,307,310,311,344,370,372,374,376,378,380,400,470
SCM,101,150,220,230,270,300,301,302,320,335,350,360,363,451,470,471
SOCS,200,400,440,461,462,485,495
SOC,110,111,200,218,270,301,305,306,309,310,311,313,315,316,323,326,327,350,354,355,377,395,400,402,406,412,413,421,440,444,461,462,464,470
SS,121,131,200,221,270,301,321,322,339,400,421,422,423,431,432,440,442,444,463,470,471,500,501,508,522,570,571,581,582,599
SPAN,101,102,103,104,111,201,202,203,206,207,233,270,301,302,303,305,307,340,350,351,390,402,410,416,470
STAT,130,150,200,217,218,251,252,270,301,302,305,312,313,321,323,324,330,331,334,350,365,400,405,410,414,415,416,417,418,419,421,423,425,426,427,434,440,441,461,462,465,470,485,495,511,513,523,524,530,531,542,570
SIE,509,510,511,512
TH,101,210,220,225,227,228,230,240,245,260,270,275,280,285,290,295,305,325,330,341,345,350,360,370,380,390,400,430,432,434,450,461,470,471,480
UNIV,100,125,321,330,333,350,391,392,424,470,491,492
WVIT,101,102,202,210,233,270,301,302,331,332,333,339,343,344,365,400,404,405,406,414,423,428,433,442,444,447,450,460,463,464,465,470,471
WGS,201,270,301,302,311,316,320,324,336,340,345,350,351,370,400,401,417,434,435,450,457,458,467,470
WLC,101,102,103,200,201,202,270,290,310,312,318,360,370,400,424,425,451,460,470
